F:11.8203309693
C:10.1654846336
G:8.27423167849
Y:7.56501182033
J:7.32860520095
U:6.85579196217
M:6.73758865248
T:5.79196217494
N:5.08274231678
P:3.1914893617
B:3.07328605201
R:3.07328605201
I:2.95508274232
O:2.95508274232
Q:2.83687943262
Z:2.83687943262
X:2.71867612293
L:2.48226950355
H:1.536643026
W:1.30023640662
S:0.591016548463
E:0.354609929078
V:0.354609929078
D:0.118203309693
